# dense spike dataset for single PE
331 9
412 9
167 15
434 20
110 20
93 21
362 24
63 26
76 26
320 28
328 32
240 35
47 36
314 37
358 38
495 40
105 43
301 44
143 45
174 45
194 46
443 48
150 50
476 63
461 65
98 69
84 74
454 77
501 81
9 83
80 90
26 91
291 96
55 97
322 104
52 107
503 110
90 115
319 117
438 118
83 118
41 126
274 133
16 134
344 135
181 135
3 135
204 142
366 145
68 147
70 147
383 147
170 148
362 150
140 152
437 157
469 158
251 160
396 163
126 165
131 165
465 170
28 170
511 172
67 173
225 174
292 174
346 187
353 188
243 189
380 190
161 192
252 193
177 195
356 196
503 196
52 197
383 198
368 200
461 201
299 201
96 204
336 208
92 222
299 226
439 233
413 240
354 240
490 243
398 245
49 246
351 252
469 252
362 252
380 256
318 257
99 257
174 261
194 261
338 266
4 266
483 272
329 272
121 274
444 276
435 287
213 293
45 295
269 297
23 298
40 299
158 299
480 303
267 305
265 306
34 308
425 308
247 309
437 310
181 312
465 312
118 313
217 317
95 325
173 327
0 328
1 329
104 330
492 331
458 332
506 335
249 340
30 344
143 344
449 352
407 354
435 357
222 357
89 358
344 359
316 359
93 361
77 361
202 362
364 362
472 363
149 366
509 370
27 370
456 370
321 370
86 379
463 383
399 388
326 389
507 390
240 405
439 413
37 413
331 415
297 416
100 417
389 424
424 424
205 425
55 430
78 430
125 431
383 431
247 433
104 434
475 435
99 440
252 442
211 442
465 445
442 449
329 451
336 454
418 459
448 462
485 463
147 463
397 464
369 467
18 469
80 470
143 474
62 476
349 478
236 482
333 483
6 487
38 488
414 490
244 493
370 493
113 494
234 496
162 498
69 500
428 504
104 506
25 510
78 512
227 515
411 515
133 516
357 518
217 518
14 519
472 522
406 525
311 525
406 525
422 526
511 527
265 529
361 531
312 533
388 533
351 534
233 538
432 539
71 539
276 541
20 542
150 544
31 554
24 554
271 561
192 570
15 571
285 573
386 574
449 578
386 579
412 580
318 587
45 590
367 590
439 593
359 594
317 595
401 595
47 596
400 602
405 602
386 603
124 604
384 605
39 606
171 607
36 609
454 610
323 612
373 613
291 616
177 620
252 625
156 632
364 634
61 640
469 641
297 641
411 648
300 651
239 652
485 655
125 656
154 656
386 662
122 662
290 664
212 665
155 667
322 667
253 670
203 674
194 677
390 679
332 680
12 680
486 682
457 684
376 686
324 688
132 688
236 699
168 699
325 703
474 706
371 708
166 709
426 709
157 711
261 714
446 719
510 725
363 729
146 734
221 736
23 736
476 737
18 738
199 742
9 743
475 746
360 747
103 752
319 757
361 760
44 761
420 761
348 762
509 765
315 766
5 768
73 768
246 768
425 770
176 776
164 779
485 779
230 780
167 783
179 785
287 786
317 787
49 793
159 799
107 800
326 801
501 801
407 801
268 804
115 804
472 808
509 809
12 813
87 814
177 819
454 823
145 823
40 825
399 825
188 827
115 828
180 833
121 835
459 837
242 837
384 841
227 842
94 847
299 847
94 849
277 850
348 850
438 853
137 854
181 859
48 861
67 862
478 864
311 864
347 872
373 873
129 879
173 880
248 881
160 883
272 884
56 886
393 889
0 891
10 891
432 894
50 894
469 901
66 905
120 905
218 906
461 907
447 909
329 913
300 913
14 916
145 920
311 925
490 927
387 932
480 937
302 938
243 943
315 944
371 948
47 951
291 951
184 953
309 955
288 959
500 960
275 961
439 962
69 963
208 963
349 963
315 966
293 967
48 969
112 969
65 970
510 974
161 975
159 976
390 977
501 982
79 986
390 988
91 993
189 993
24 1001
429 1003
346 1008
151 1009
183 1017
507 1019
240 1026
356 1026
448 1026
171 1027
280 1027
224 1030
109 1034
376 1035
145 1036
118 1036
377 1038
226 1039
175 1042
342 1044
45 1045
178 1048
236 1055
156 1060
22 1060
345 1060
222 1060
376 1063
60 1066
231 1068
453 1071
203 1072
466 1072
170 1074
382 1077
307 1078
484 1080
59 1086
66 1090
265 1093
92 1102
492 1103
505 1104
46 1104
10 1105
476 1106
332 1108
292 1109
392 1114
63 1116
107 1116
378 1120
445 1122
293 1124
252 1125
338 1127
129 1133
46 1137
130 1139
423 1143
48 1145
135 1145
131 1146
418 1147
41 1151
265 1151
381 1154
251 1157
155 1158
368 1160
463 1178
65 1181
284 1181
461 1186
362 1188
350 1190
299 1194
298 1194
427 1195
77 1197
197 1197
313 1199
102 1200
100 1201
469 1204
230 1206
443 1206
267 1208
483 1219
44 1223
240 1225
326 1225
174 1226
434 1231
3 1231
302 1234
241 1242
57 1244
26 1248
221 1249
112 1254
365 1262
165 1267
114 1267
109 1268
235 1269
381 1270
424 1278
243 1284
95 1286
146 1288
375 1298
458 1298
39 1301
459 1302
202 1303
140 1304
101 1308
53 1309
232 1312
158 1315
58 1321
31 1323
407 1323
281 1328
279 1333
161 1333
127 1339
369 1341
141 1351
321 1355
13 1356
206 1357
95 1357
458 1361
122 1368
150 1372
418 1373
291 1378
254 1378
470 1381
223 1382
322 1383
435 1383
295 1388
510 1392
455 1392
268 1395
157 1395
38 1400
511 1401
133 1406
86 1407
377 1412
128 1419
198 1419
186 1421
206 1422
3 1425
274 1426
450 1428
21 1429
85 1433
433 1433
271 1434
377 1434
56 1434
89 1437
88 1439
436 1444
156 1447
404 1451
503 1453
241 1454
495 1456
127 1456
413 1457
148 1460
154 1463
104 1465
408 1466
246 1471
163 1472
370 1474
453 1476
367 1478
75 1480
26 1483
156 1485
32 1488
367 1491
49 1494
287 1494
277 1495
503 1495
218 1495
36 1500
192 1504
390 1505
215 1507
83 1510
321 1513
489 1513
33 1514
413 1515
231 1516
182 1517
38 1518
30 1519
325 1520
72 1521
508 1521
298 1525
196 1527
452 1530
301 1531
293 1534
401 1538
61 1550
314 1550
398 1553
252 1554
247 1556
316 1558
209 1559
106 1560
77 1560
74 1561
260 1562
105 1562
289 1565
303 1568
322 1568
72 1572
351 1578
147 1578
218 1578
443 1580
467 1584
65 1586
111 1588
309 1590
511 1591
210 1593
286 1601
239 1604
438 1605
175 1606
237 1609
118 1609
373 1610
166 1614
400 1615
82 1616
32 1618
68 1620
227 1621
228 1622
168 1625
346 1629
401 1630
156 1634
291 1640
22 1641
440 1647
50 1647
403 1647
273 1649
38 1651
452 1656
243 1660
250 1660
317 1662
87 1666
249 1667
55 1667
345 1671
481 1673
133 1675
77 1678
96 1681
308 1682
354 1688
128 1688
450 1692
227 1694
494 1696
141 1696
340 1697
506 1702
159 1705
250 1707
428 1708
387 1714
216 1715
62 1715
477 1716
72 1721
418 1721
363 1723
258 1731
199 1735
77 1737
437 1738
42 1738
263 1742
90 1742
316 1743
492 1747
371 1749
209 1750
100 1751
33 1752
293 1752
70 1761
194 1763
110 1764
408 1766
355 1767
229 1768
35 1771
263 1779
397 1780
12 1784
189 1785
143 1789
298 1792
237 1793
60 1800
28 1800
284 1804
505 1807
378 1811
103 1818
7 1820
197 1821
125 1830
136 1831
268 1832
27 1835
405 1838
203 1838
488 1840
449 1843
172 1843
247 1843
377 1844
71 1846
370 1847
335 1848
452 1850
495 1850
290 1853
243 1862
257 1863
176 1864
395 1866
408 1867
214 1872
353 1877
357 1877
438 1878
492 1886
184 1887
127 1892
74 1898
502 1898
426 1901
15 1903
76 1904
172 1905
265 1905
47 1906
381 1907
132 1911
506 1913
77 1913
349 1915
186 1918
497 1923
381 1926
450 1926
336 1927
244 1928
180 1929
268 1932
185 1934
57 1935
439 1941
447 1941
283 1942
244 1946
328 1947
56 1961
214 1967
110 1970
167 1971
372 1972
338 1974
128 1974
14 1977
163 1984
97 1985
92 1986
332 1989
341 2010
405 2010
228 2011
362 2011
165 2016
146 2016
436 2024
80 2025
129 2027
268 2029
194 2031
143 2032
482 2034
434 2035
352 2037
143 2042
173 2042
342 2049
396 2051
341 2056
422 2057
5 2061
133 2066
45 2070
465 2072
208 2075
484 2076
64 2077
449 2077
266 2083
379 2084
145 2085
367 2086
365 2086
194 2095
21 2102
422 2102
142 2103
28 2106
200 2108
302 2110
505 2111
164 2118
278 2119
426 2119
3 2119
155 2123
429 2129
309 2129
87 2129
27 2134
462 2134
497 2136
336 2136
20 2136
269 2138
290 2140
300 2142
79 2146
105 2147
330 2152
135 2153
348 2157
430 2158
234 2163
245 2165
329 2169
357 2169
411 2172
144 2173
290 2174
488 2175
125 2176
152 2177
456 2180
304 2181
403 2182
276 2185
106 2186
356 2188
451 2188
493 2189
350 2191
426 2192
477 2193
53 2194
355 2194
372 2195
486 2195
198 2199
465 2199
79 2199
511 2201
262 2203
409 2205
47 2209
303 2210
122 2213
180 2214
173 2216
103 2217
159 2219
360 2229
384 2229
425 2233
126 2235
488 2243
70 2246
124 2247
272 2247
390 2259
340 2267
159 2268
421 2279
508 2283
336 2283
476 2288
64 2292
188 2294
214 2303
478 2304
182 2305
338 2309
229 2315
435 2315
470 2318
224 2320
459 2326
294 2329
495 2330
220 2335
50 2336
274 2337
71 2338
483 2341
43 2351
502 2351
209 2353
323 2353
445 2357
61 2358
434 2359
255 2361
405 2362
341 2366
361 2367
428 2371
471 2371
36 2375
120 2376
7 2377
224 2377
221 2378
240 2382
508 2386
492 2388
71 2390
9 2391
21 2392
87 2395
204 2396
213 2400
373 2404
73 2406
2 2411
381 2411
175 2415
33 2419
447 2424
70 2426
84 2426
380 2428
175 2428
433 2430
208 2437
397 2447
83 2447
77 2449
96 2452
507 2452
198 2453
234 2454
319 2454
249 2460
100 2465
342 2465
423 2467
241 2467
40 2469
448 2477
96 2481
198 2482
461 2490
325 2491
155 2492
15 2492
321 2493
503 2496
239 2505
3 2511
272 2512
227 2512
243 2515
16 2516
72 2519
51 2519
28 2521
304 2522
0 2524
383 2525
148 2526
166 2527
293 2528
289 2529
113 2532
50 2534
192 2544
119 2544
408 2553
471 2553
441 2553
39 2556
226 2559
216 2559
307 2560
454 2566
89 2566
142 2570
196 2572
347 2573
465 2579
282 2581
6 2586
385 2586
140 2589
18 2591
418 2593
507 2594
381 2599
275 2599
211 2607
63 2618
155 2621
294 2621
373 2626
471 2627
14 2628
400 2629
9 2631
469 2637
188 2638
422 2639
100 2640
159 2640
316 2642
1 2645
476 2649
379 2650
367 2651
230 2652
100 2653
196 2658
220 2659
326 2659
242 2661
289 2662
483 2666
259 2669
165 2670
144 2671
103 2673
182 2674
139 2674
461 2682
90 2683
341 2685
222 2688
245 2690
50 2692
498 2696
123 2703
502 2711
397 2720
315 2720
184 2722
458 2725
162 2730
69 2730
112 2734
321 2735
393 2736
288 2738
376 2741
371 2745
509 2748
53 2750
106 2750
135 2752
375 2754
480 2755
456 2755
371 2756
477 2760
118 2760
342 2762
138 2764
281 2764
301 2766
288 2769
53 2771
35 2771
251 2772
35 2772
73 2782
163 2784
418 2784
174 2786
497 2791
489 2792
340 2793
355 2795
59 2795
137 2796
510 2798
441 2799
447 2800
176 2801
276 2808
221 2808
312 2815
506 2815
140 2816
172 2822
414 2826
390 2827
348 2834
385 2835
483 2835
341 2841
9 2842
208 2844
301 2845
299 2846
504 2851
330 2858
296 2868
90 2874
434 2874
195 2882
13 2884
334 2887
38 2891
459 2899
136 2901
388 2905
392 2909
434 2915
374 2917
275 2922
413 2922
307 2926
505 2928
260 2929
143 2929
61 2930
426 2931
168 2935
210 2936
286 2937
240 2937
323 2940
42 2942
65 2947
72 2949
463 2950
483 2956
50 2956
260 2960
215 2960
147 2961
26 2963
345 2968
50 2972
89 2975
436 2978
90 2979
409 2980
331 2981
120 2984
309 2990
197 2996
317 3000
94 3003
391 3007
61 3009
340 3014
64 3018
385 3020
147 3024
245 3024
205 3030
496 3030
486 3031
21 3032
58 3034
493 3035
376 3038
402 3040
77 3041
147 3043
142 3044
7 3047
322 3052
263 3054
359 3055
278 3058
476 3061
426 3066
429 3070
13 3070
136 3070
189 3071
282 3073
433 3077
419 3079
485 3079
416 3080
402 3085
121 3085
314 3087
103 3087
15 3089
350 3090
322 3091
118 3093
380 3095
244 3101
81 3102
391 3102
455 3103
39 3107
103 3107
311 3111
435 3114
415 3115
318 3117
207 3118
281 3125
207 3126
123 3130
335 3131
429 3133
185 3134
101 3134
32 3137
180 3138
451 3144
210 3150
187 3155
249 3155
265 3166
34 3167
249 3172
167 3174
135 3175
458 3175
467 3177
119 3178
506 3179
290 3181
451 3182
474 3182
162 3184
347 3187
23 3188
298 3190
240 3190
43 3192
196 3192
226 3195
193 3197
172 3197
445 3202
42 3202
506 3202
482 3205
59 3207
334 3213
69 3216
268 3220
149 3221
350 3221
177 3222
76 3223
51 3228
114 3229
456 3238
375 3241
342 3243
483 3248
150 3249
432 3251
262 3255
401 3256
504 3265
67 3266
203 3271
100 3271
430 3276
377 3277
314 3282
467 3283
335 3284
194 3284
55 3285
380 3285
455 3285
56 3288
283 3289
144 3289
28 3297
19 3298
327 3299
75 3308
126 3310
186 3317
510 3321
234 3325
290 3330
5 3332
89 3338
503 3342
327 3343
274 3345
448 3346
511 3349
96 3351
368 3356
31 3357
444 3358
7 3358
469 3362
152 3362
367 3362
24 3366
290 3368
332 3370
310 3376
417 3376
264 3380
213 3381
16 3383
379 3388
242 3391
342 3394
230 3395
63 3399
336 3399
249 3399
422 3402
0 3404
188 3405
311 3409
439 3413
390 3414
133 3416
4 3419
243 3420
251 3420
171 3421
241 3426
265 3430
184 3432
167 3434
312 3435
312 3436
104 3438
444 3445
370 3448
168 3448
269 3449
135 3449
347 3451
259 3451
409 3452
273 3453
381 3453
459 3453
220 3453
235 3457
66 3461
412 3462
387 3466
147 3467
95 3468
145 3469
3 3476
132 3496
68 3498
465 3501
327 3507
376 3508
249 3510
15 3511
28 3511
12 3512
491 3513
79 3521
211 3522
341 3534
237 3539
94 3541
395 3542
26 3542
485 3546
335 3548
256 3549
84 3550
318 3550
288 3552
315 3558
147 3564
472 3566
266 3566
252 3570
448 3572
474 3572
443 3573
73 3574
276 3576
459 3580
393 3584
185 3587
281 3588
206 3588
23 3589
97 3592
302 3594
308 3597
158 3599
508 3599
110 3600
183 3600
378 3612
147 3615
395 3615
157 3624
252 3625
120 3626
251 3629
259 3631
485 3632
245 3632
27 3642
287 3642
333 3645
352 3645
157 3646
17 3647
101 3647
493 3653
291 3660
64 3662
128 3663
17 3665
196 3666
488 3666
456 3668
170 3674
416 3676
230 3677
129 3678
221 3680
458 3680
226 3682
423 3685
21 3685
357 3686
383 3690
159 3691
174 3693
146 3697
247 3699
381 3707
393 3707
403 3708
436 3717
12 3720
103 3721
489 3721
274 3721
419 3722
344 3724
345 3725
228 3727
197 3732
487 3737
178 3738
279 3744
220 3745
284 3748
224 3750
6 3759
8 3759
486 3762
325 3765
293 3765
124 3771
189 3772
369 3776
470 3777
142 3779
117 3781
301 3784
217 3785
164 3786
129 3792
420 3795
137 3795
457 3796
32 3798
68 3798
22 3799
323 3799
454 3801
151 3805
100 3805
129 3807
73 3810
234 3810
295 3812
110 3815
42 3815
342 3817
156 3818
403 3819
398 3824
511 3830
317 3832
451 3833
301 3840
387 3840
296 3841
207 3843
221 3852
43 3854
286 3855
5 3857
222 3857
199 3858
35 3859
252 3861
298 3867
221 3867
421 3872
205 3874
2 3876
155 3876
345 3878
103 3881
233 3888
374 3890
236 3891
78 3893
129 3894
4 3895
142 3898
338 3901
317 3905
222 3909
35 3911
135 3912
410 3912
240 3919
446 3919
12 3920
281 3922
295 3923
509 3924
183 3925
476 3927
52 3930
506 3932
15 3939
437 3941
345 3941
76 3941
406 3941
500 3950
474 3953
233 3954
136 3958
435 3958
138 3966
470 3967
91 3971
260 3979
447 3979
187 3982
261 3982
471 3983
431 3989
84 3990
232 3991
23 3995
294 3999
101 4000
309 4001
505 4004
393 4009
110 4009
55 4011
332 4014
38 4018
125 4019
226 4021
99 4022
391 4024
169 4027
360 4033
10 4034
222 4036
186 4039
402 4040
274 4040
388 4042
210 4042
298 4045
95 4051
337 4055
488 4058
53 4063
15 4064
233 4065
438 4068
13 4071
78 4072
437 4072
468 4073
222 4073
18 4079
367 4080
333 4081
276 4084
367 4084
252 4090
425 4093
182 4094
401 4098
284 4098
384 4101
50 4104
466 4106
281 4109
381 4117
450 4121
156 4124
351 4130
279 4132
358 4138
105 4141
245 4143
451 4145
168 4148
313 4148
278 4149
358 4150
71 4154
350 4160
18 4161
415 4161
108 4167
255 4168
225 4169
426 4173
377 4174
380 4174
157 4174
367 4177
406 4177
421 4178
64 4182
227 4184
74 4184
407 4202
276 4202
419 4203
433 4205
165 4210
244 4213
217 4224
497 4224
338 4226
171 4229
234 4231
407 4233
332 4235
35 4235
345 4238
131 4238
214 4240
295 4241
105 4242
470 4248
477 4253
479 4255
141 4256
266 4257
323 4257
291 4258
147 4259
80 4262
179 4264
497 4266
172 4268
162 4274
254 4274
266 4277
326 4280
218 4286
461 4287
166 4289
390 4296
408 4296
55 4298
100 4301
237 4304
159 4305
224 4305
314 4306
299 4309
231 4311
180 4311
19 4324
228 4325
15 4326
448 4341
81 4345
375 4349
471 4352
169 4353
76 4358
143 4362
161 4365
316 4370
188 4372
190 4377
136 4378
168 4378
231 4379
444 4383
346 4383
122 4384
366 4386
8 4391
19 4391
237 4391
66 4392
178 4393
157 4396
41 4397
162 4399
141 4401
508 4402
37 4403
476 4403
352 4404
396 4405
491 4405
66 4405
278 4407
235 4408
478 4410
198 4411
444 4413
291 4413
83 4413
180 4413
329 4414
479 4419
206 4420
260 4424
278 4424
65 4429
480 4430
73 4434
195 4442
25 4442
120 4448
54 4455
238 4455
146 4459
407 4460
306 4464
339 4465
453 4466
331 4467
54 4468
107 4470
14 4472
343 4479
478 4481
332 4485
394 4488
244 4493
361 4493
23 4496
0 4499
488 4500
10 4502
48 4506
470 4506
208 4508
287 4509
484 4510
391 4513
252 4517
196 4520
361 4522
22 4524
236 4528
337 4529
290 4530
194 4534
511 4536
392 4538
242 4538
339 4538
101 4541
77 4543
349 4544
355 4545
278 4553
236 4554
260 4555
445 4557
392 4562
177 4564
22 4565
317 4567
487 4574
184 4575
281 4575
317 4575
431 4576
319 4583
258 4584
458 4591
350 4592
301 4593
134 4597
59 4599
257 4603
310 4605
449 4612
284 4613
251 4615
390 4616
201 4618
101 4628
502 4635
391 4640
34 4646
155 4650
234 4651
12 4654
209 4656
356 4658
103 4659
123 4664
391 4664
163 4667
290 4672
272 4680
462 4683
137 4698
123 4698
440 4699
299 4701
329 4704
273 4705
416 4709
242 4710
349 4711
185 4721
264 4732
45 4734
364 4738
459 4739
129 4739
89 4739
471 4741
14 4742
394 4744
120 4745
167 4746
241 4749
357 4749
162 4749
250 4753
295 4754
228 4760
103 4766
130 4768
289 4768
377 4769
84 4779
492 4782
139 4783
113 4785
199 4789
231 4792
262 4796
262 4798
347 4801
389 4803
193 4804
57 4805
304 4810
149 4815
506 4817
298 4821
427 4821
487 4823
402 4828
214 4830
478 4843
381 4854
65 4856
77 4856
97 4858
217 4865
383 4868
137 4868
162 4873
72 4884
107 4887
60 4889
318 4896
36 4897
230 4899
457 4899
390 4900
372 4903
196 4907
113 4908
10 4916
209 4917
473 4919
392 4921
442 4925
6 4927
180 4936
34 4938
206 4944
0 4955
139 4955
322 4955
388 4958
341 4963
51 4966
177 4973
4 4974
279 4977
454 4977
13 4980
363 4993
454 4995
196 4995
129 4997
40 4998
188 4999
376 4999
